0.004183 0.008552 0.013076 0.017954 0.023246 0.028797 0.034398 0.040294 0.047129 0.053808 0.057993 0.058951 0.056907 0.052360 0.045879 0.038003 0.029036 0.019157 0.008446 -0.002755
0.014528 0.023851 0.033841 0.044146 0.054123 0.065155 0.078342 0.088804 0.092608 0.090398 0.083572 0.073569 0.061407 0.047713 0.032764 0.016578 -0.000877 -0.018725 -0.033888 -0.044500
0.035083 0.052168 0.068563 0.085329 0.106367 0.126719 0.134796 0.131887 0.121585 0.106602 0.088719 0.068791 0.047244 0.024090 -0.000932 -0.027634 -0.052318 -0.069329 -0.080611 -0.089918
0.067497 0.092129 0.118436 0.152867 0.179485 0.184226 0.174698 0.156824 0.134064 0.108187 0.079927 0.049652 0.017175 -0.018082 -0.055707 -0.088857 -0.109352 -0.123217 -0.135333 -0.145575
0.109296 0.146828 0.196926 0.234101 0.238344 0.224125 0.199908 0.169919 0.136059 0.099086 0.059484 0.016949 -0.029396 -0.079729 -0.125829 -0.154070 -0.171841 -0.188440 -0.202090 -0.218450
0.163377 0.228953 0.285997 0.296203 0.280800 0.252396 0.216375 0.175204 0.129721 0.080591 0.027761 -0.029928 -0.093612 -0.157541 -0.201469 -0.225214 -0.247672 -0.266413 -0.286681 -0.311430
0.239912 0.324864 0.352474 0.342011 0.313180 0.273733 0.226976 0.174102 0.115954 0.053053 -0.015678 -0.091943 -0.174928 -0.244852 -0.282403 -0.310236 -0.337440 -0.361077 -0.393459 -0.426107
0.333600 0.395237 0.400481 0.377508 0.339368 0.290473 0.232755 0.167308 0.095180 0.016217 -0.071529 -0.170062 -0.270275 -0.338551 -0.374587 -0.411011 -0.442593 -0.477339 -0.524911 -0.565339
0.402440 0.440975 0.435173 0.406148 0.361342 0.303497 0.234290 0.155195 0.067363 -0.030370 -0.140598 -0.264045 -0.376585 -0.440727 -0.482770 -0.527917 -0.566739 -0.618765 -0.682470 -0.732169
0.432644 0.465056 0.459322 0.429497 0.379883 0.313246 0.231892 0.137909 0.032249 -0.087249 -0.223737 -0.372811 -0.492396 -0.554948 -0.608268 -0.662234 -0.713574 -0.787600 -0.867515 -0.929642
0.422710 0.465336 0.473606 0.448041 0.395244 0.319950 0.225727 0.115425 -0.010492 -0.155017 -0.321542 -0.495464 -0.618709 -0.684596 -0.751969 -0.816482 -0.886063 -0.985630 -1.082210 -1.161646
0.396284 0.443496 0.476394 0.461471 0.407453 0.323743 0.215870 0.087597 -0.061232 -0.234314 -0.434191 -0.631316 -0.757268 -0.831922 -0.915179 -0.993282 -1.086290 -1.214677 -1.328998 -1.433710
0.364006 0.418141 0.464679 0.468984 0.416461 0.324694 0.202328 0.054221 -0.120379 -0.325817 -0.561780 -0.780269 -0.909948 -0.998339 -1.099511 -1.194694 -1.316095 -1.476528 -1.610379 -1.752233
0.325277 0.390074 0.445602 0.469191 0.422138 0.322825 0.185054 0.015070 -0.188371 -0.430168 -0.704475 -0.942914 -1.078621 -1.185143 -1.306571 -1.422529 -1.577451 -1.773037 -1.929044 -2.123730
0.279585 0.358093 0.423416 0.460215 0.424264 0.318123 0.163968 -0.030112 -0.265678 -0.547899 -0.862513 -1.120134 -1.265031 -1.393761 -1.537797 -1.678629 -1.872403 -2.106073 -2.288499 -2.553238
0.226506 0.321424 0.398243 0.444906 0.422523 0.310551 0.138956 -0.081606 -0.352786 -0.679510 -1.036172 -1.312951 -1.470710 -1.625580 -1.794579 -1.964822 -2.202969 -2.477562 -2.692792 -3.044259
0.165936 0.279533 0.369843 0.426424 0.416456 0.300051 0.109877 -0.139708 -0.450192 -0.825504 -1.225802 -1.522456 -1.697101 -1.881847 -2.078375 -2.282902 -2.571085 -2.889486 -3.146140 -3.599615
0.099525 0.232060 0.337924 0.405286 0.405362 0.286537 0.076570 -0.204724 -0.558401 -0.986390 -1.431931 -1.749759 -1.945607 -2.163742 -2.390678 -2.634632 -2.978667 -3.343918 -3.652816 -4.221737
0.037721 0.178916 0.302216 0.381569 0.388958 0.269906 0.038866 -0.276967 -0.677907 -1.162688 -1.655209 -1.995993 -2.217511 -2.472435 -2.732975 -3.021755 -3.427648 -3.842988 -4.217100 -4.912785
-0.007435 0.121264 0.262494 0.355204 0.368798 0.250044 -0.003414 -0.356756 -0.809181 -1.354921 -1.896339 -2.262341 -2.513981 -2.809119 -3.106746 -3.446005 -3.919962 -4.388970 -4.843093 -5.674879
