0.060734 0.059861 0.059261 0.059280 0.059906 0.060955 0.062277 0.064157 0.067240 0.070576 0.071990 0.070735 0.066840 0.060702 0.052869 0.043823 0.033830 0.023082 0.011743 0.000250
0.082242 0.083694 0.086167 0.089270 0.092499 0.097188 0.104489 0.110101 0.110301 0.105236 0.095911 0.083785 0.069829 0.054598 0.038347 0.021206 0.003314 -0.014314 -0.028621 -0.037858
0.116730 0.122340 0.127912 0.134560 0.145959 0.158289 0.160796 0.153648 0.139474 0.121113 0.100398 0.078094 0.054591 0.030022 0.004400 -0.021811 -0.044874 -0.059424 -0.067532 -0.073059
0.165763 0.174396 0.185546 0.205823 0.221912 0.219656 0.204048 0.180376 0.152611 0.122588 0.090972 0.058103 0.024034 -0.011370 -0.047263 -0.076944 -0.092859 -0.101163 -0.106919 -0.109138
0.227261 0.242700 0.272513 0.295294 0.289627 0.266249 0.233050 0.195296 0.155107 0.113183 0.069904 0.025236 -0.021044 -0.068414 -0.108797 -0.129794 -0.139063 -0.146045 -0.148219 -0.147827
0.304042 0.341025 0.377520 0.372926 0.343772 0.301463 0.253183 0.202127 0.149036 0.094351 0.038127 -0.019950 -0.079983 -0.135882 -0.169256 -0.181079 -0.189941 -0.193388 -0.192972 -0.188549
0.408343 0.463937 0.469175 0.438187 0.388419 0.329699 0.267276 0.202365 0.135459 0.066802 -0.003888 -0.076971 -0.150446 -0.205982 -0.227504 -0.237342 -0.244471 -0.244101 -0.241503 -0.231957
0.545081 0.574008 0.548629 0.495016 0.427267 0.353489 0.276464 0.196822 0.114976 0.030928 -0.055750 -0.145258 -0.228042 -0.274923 -0.288292 -0.299001 -0.302045 -0.299730 -0.293731 -0.278588
0.676776 0.669967 0.619499 0.546531 0.462685 0.373845 0.281420 0.185984 0.087929 -0.012948 -0.117117 -0.223158 -0.308858 -0.343983 -0.354952 -0.364933 -0.363861 -0.360658 -0.349462 -0.327732
0.789204 0.754856 0.684376 0.594842 0.495775 0.391305 0.282533 0.170164 0.054579 -0.064553 -0.187673 -0.308470 -0.390846 -0.415665 -0.427424 -0.434826 -0.431112 -0.426500 -0.408585 -0.378658
0.884948 0.829208 0.744815 0.641080 0.526972 0.406175 0.280069 0.149597 0.015151 -0.123651 -0.266868 -0.399414 -0.474315 -0.492118 -0.505231 -0.509359 -0.504325 -0.496794 -0.471036 -0.430879
0.973526 0.894275 0.801033 0.685541 0.556467 0.418669 0.274227 0.124471 -0.030165 -0.190047 -0.353850 -0.494592 -0.560174 -0.574300 -0.588276 -0.589217 -0.583322 -0.571235 -0.536503 -0.484343
1.060572 0.959002 0.851969 0.728093 0.584372 0.428945 0.265169 0.094943 -0.081206 -0.263586 -0.447819 -0.593275 -0.649365 -0.662353 -0.676710 -0.674592 -0.667767 -0.649587 -0.604626 -0.539215
1.148554 1.025402 0.900869 0.768223 0.610728 0.437120 0.253036 0.061156 -0.137842 -0.344088 -0.548129 -0.695386 -0.742749 -0.756307 -0.770666 -0.765484 -0.757471 -0.731784 -0.675122 -0.595778
1.238399 1.093737 0.950327 0.805068 0.635511 0.443293 0.237956 0.023219 -0.199981 -0.431296 -0.654260 -0.801078 -0.841007 -0.856290 -0.870140 -0.861958 -0.852346 -0.817819 -0.747911 -0.654499
1.330403 1.164123 1.000902 0.839866 0.658637 0.447555 0.220031 -0.018784 -0.267549 -0.524957 -0.765785 -0.910597 -0.944564 -0.962388 -0.975089 -0.964077 -0.952326 -0.907659 -0.823084 -0.715810
1.424318 1.236596 1.052774 0.874228 0.679940 0.449982 0.199337 -0.064788 -0.340485 -0.624854 -0.882379 -1.024219 -1.053732 -1.074577 -1.085515 -1.071877 -1.057314 -1.001243 -0.900771 -0.779983
1.517712 1.311084 1.106000 0.908612 0.699104 0.450627 0.175933 -0.114738 -0.418740 -0.730801 -1.003895 -1.142208 -1.168762 -1.192788 -1.201440 -1.185368 -1.167216 -1.098497 -0.981112 -0.847144
1.597894 1.387220 1.160588 0.943248 0.715989 0.449524 0.149868 -0.168590 -0.502258 -0.842642 -1.130292 -1.264826 -1.289799 -1.316951 -1.322883 -1.304542 -1.281949 -1.199349 -1.064239 -0.917284
1.652334 1.463197 1.216521 0.978252 0.731405 0.446695 0.121184 -0.226304 -0.590968 -0.960241 -1.261571 -1.392343 -1.416896 -1.447018 -1.449859 -1.429376 -1.401451 -1.303747 -1.150254 -0.990321
