0.002104 0.004301 0.006577 0.009030 0.011692 0.014483 0.017301 0.020266 0.023704 0.027063 0.029168 0.029650 0.028622 0.026335 0.023075 0.019114 0.014604 0.009635 0.004248 -0.001385
0.005553 0.009117 0.012935 0.016874 0.020688 0.024905 0.029946 0.033945 0.035399 0.034554 0.031945 0.028121 0.023472 0.018238 0.012524 0.006337 -0.000335 -0.007158 -0.012954 -0.017010
0.010815 0.016081 0.021135 0.026304 0.032789 0.039063 0.041553 0.040655 0.037480 0.032861 0.027349 0.021206 0.014564 0.007426 -0.000287 -0.008518 -0.016128 -0.021371 -0.024849 -0.027718
0.017433 0.023794 0.030589 0.039481 0.046356 0.047581 0.045120 0.040503 0.034625 0.027942 0.020643 0.012824 0.004436 -0.004670 -0.014388 -0.022949 -0.028243 -0.031824 -0.034953 -0.037598
0.024289 0.032630 0.043764 0.052025 0.052968 0.049808 0.044427 0.037762 0.030237 0.022020 0.013220 0.003767 -0.006533 -0.017719 -0.027964 -0.034240 -0.038189 -0.041878 -0.044911 -0.048547
0.031862 0.044651 0.055776 0.057766 0.054762 0.049223 0.042198 0.034169 0.025298 0.015717 0.005414 -0.005837 -0.018256 -0.030724 -0.039291 -0.043922 -0.048302 -0.051956 -0.055909 -0.060736
0.041684 0.056444 0.061241 0.059423 0.054414 0.047560 0.039436 0.030250 0.020147 0.009218 -0.002724 -0.015975 -0.030393 -0.042542 -0.049067 -0.053903 -0.058629 -0.062736 -0.068362 -0.074035
0.052261 0.061917 0.062738 0.059139 0.053165 0.045505 0.036463 0.026210 0.014911 0.002540 -0.011206 -0.026641 -0.042340 -0.053036 -0.058682 -0.064388 -0.069335 -0.074779 -0.082231 -0.088564
0.057399 0.062895 0.062068 0.057928 0.051538 0.043287 0.033416 0.022135 0.009608 -0.004332 -0.020053 -0.037660 -0.053712 -0.062860 -0.068857 -0.075296 -0.080833 -0.088253 -0.097340 -0.104428
0.056635 0.060878 0.060128 0.056223 0.049729 0.041006 0.030356 0.018053 0.004222 -0.011421 -0.029288 -0.048803 -0.064457 -0.072646 -0.079626 -0.086690 -0.093411 -0.103101 -0.113562 -0.121695
0.051132 0.056288 0.057289 0.054197 0.047810 0.038702 0.027305 0.013962 -0.001269 -0.018751 -0.038895 -0.059933 -0.074841 -0.082811 -0.090961 -0.098764 -0.107181 -0.119225 -0.130908 -0.140516
0.044552 0.049860 0.053558 0.051881 0.045808 0.036397 0.024269 0.009848 -0.006884 -0.026343 -0.048814 -0.070976 -0.085136 -0.093529 -0.102889 -0.111669 -0.122126 -0.136560 -0.149412 -0.161184
0.038225 0.043910 0.048797 0.049249 0.043733 0.034097 0.021247 0.005694 -0.012641 -0.034215 -0.058994 -0.081938 -0.095556 -0.104838 -0.115462 -0.125457 -0.138206 -0.155053 -0.169109 -0.184006
0.032045 0.038429 0.043899 0.046223 0.041587 0.031804 0.018231 0.001485 -0.018558 -0.042379 -0.069402 -0.092892 -0.106262 -0.116756 -0.128719 -0.140142 -0.155405 -0.174673 -0.190043 -0.209222
0.025939 0.033223 0.039284 0.042698 0.039362 0.029515 0.015213 -0.002794 -0.024649 -0.050833 -0.080022 -0.103923 -0.117367 -0.129310 -0.142673 -0.155739 -0.173717 -0.195396 -0.212321 -0.236883
0.019858 0.028179 0.034914 0.039005 0.037043 0.027226 0.012182 -0.007154 -0.030929 -0.059573 -0.090842 -0.115107 -0.128938 -0.142516 -0.157332 -0.172257 -0.193136 -0.217209 -0.236079 -0.266892
0.013789 0.023228 0.030733 0.035434 0.034606 0.024933 0.009130 -0.011609 -0.037409 -0.068596 -0.101860 -0.126511 -0.141023 -0.156375 -0.172706 -0.189701 -0.213648 -0.240106 -0.261433 -0.299115
0.007860 0.018327 0.026688 0.032008 0.032014 0.022630 0.006047 -0.016168 -0.044100 -0.077901 -0.113088 -0.138189 -0.153656 -0.170884 -0.188806 -0.208073 -0.235243 -0.264089 -0.288485 -0.333416
0.002838 0.013463 0.022740 0.028711 0.029267 0.020309 0.002924 -0.020840 -0.051009 -0.087486 -0.124546 -0.150188 -0.166856 -0.186038 -0.205642 -0.227371 -0.257913 -0.289165 -0.317315 -0.369662
-0.000534 0.008713 0.018860 0.025522 0.026498 0.017966 -0.000245 -0.025633 -0.058140 -0.097352 -0.136253 -0.162550 -0.180630 -0.201836 -0.223221 -0.247597 -0.281651 -0.315349 -0.347978 -0.407742
